-0.247,1.396,0
0.631,-0.735,0
0.353,0.292,0
-1.081,-0.966,0
0.255,0.071,0
1.105,0.194,0
-2.595,-0.713,0
-0.623,-0.039,0
1.245,0.027,0
-1.874,-0.783,0
-1.088,1.144,0
-0.313,0.179,0
-0.234,-1.199,0
-1.716,-0.592,0
-0.567,-0.649,0
0.563,-0.287,0
1.269,0.546,0
-2.846,0.445,0
-0.703,-1.068,0
-0.138,-1.258,0
-0.735,0.876,0
-0.536,2.476,0
0.060,-0.901,0
0.940,-0.164,0
-1.086,1.324,0
-0.097,0.711,0
-1.633,0.994,0
0.342,1.018,0
1.537,-0.179,0
-0.538,-0.593,0
-0.347,-0.648,0
0.124,0.038,0
-0.653,-0.026,0
-0.136,0.014,0
-1.076,-1.233,0
-1.288,-0.706,0
0.934,-0.123,0
1.126,0.299,0
0.911,0.990,0
1.792,1.216,0
-0.308,0.236,0
-0.194,0.492,0
-0.154,0.383,0
0.418,0.106,0
-0.594,1.672,0
-0.550,0.848,0
1.402,1.493,0
-2.276,0.248,0
-1.262,-0.516,0
0.047,0.518,0
-0.470,0.856,0
-1.408,0.117,0
-0.016,0.664,0
-2.774,0.380,0
-1.041,-0.267,0
0.999,1.688,0
-0.918,0.169,0
-1.348,0.002,0
3.282,-0.949,0
0.209,-0.074,0
0.526,0.548,0
-0.972,1.160,0
1.456,-0.009,0
-1.651,0.217,0
1.767,-0.346,0
-0.218,-1.451,0
-0.154,-1.491,0
-1.389,1.065,0
-1.533,0.092,0
0.248,-0.366,0
0.920,0.511,0
0.082,1.254,0
-1.112,-2.560,0
-0.160,-1.056,0
-0.115,0.664,0
1.008,0.755,0
-0.599,1.030,0
0.861,-0.325,0
-0.103,0.031,0
-1.625,0.705,0
-1.263,-0.526,0
1.080,-0.259,0
-0.532,-1.333,0
0.271,-0.120,0
-0.902,-0.202,0
0.859,-0.578,0
0.172,-0.049,0
-0.869,-1.156,0
1.170,1.210,0
-0.276,0.677,0
0.733,-0.290,0
-0.185,0.874,0
0.272,-1.199,0
-0.550,0.403,0
0.931,-0.992,0
1.103,0.281,0
0.377,2.312,0
-0.033,0.512,0
-0.491,0.484,0
-1.562,-0.625,0
3.832,-1.537,1
9.114,1.874,1
7.185,-0.587,1
6.782,2.112,1
4.485,-1.133,1
4.997,-0.426,1
3.974,-1.727,1
5.829,0.263,1
9.755,2.772,1
4.508,-1.917,1
4.941,-1.207,1
6.790,-0.971,1
4.039,1.424,1
5.382,-1.730,1
3.340,-1.583,1
8.337,2.201,1
8.041,2.881,1
6.504,1.089,1
6.529,1.732,1
3.371,-0.157,1
3.242,-1.150,1
7.078,1.073,1
6.982,0.905,1
6.499,-0.533,1
7.337,-0.846,1
4.916,-2.295,1
7.028,-1.076,1
4.547,-1.252,1
6.621,3.022,1
5.878,-0.444,1
7.202,1.120,1
3.933,-0.623,1
5.716,-1.932,1
5.896,-0.596,1
7.339,0.388,1
5.411,-1.476,1
5.207,0.992,1
5.421,-1.143,1
5.932,-1.411,1
3.042,-2.815,1
8.062,-1.259,1
9.952,2.509,1
4.981,-3.383,1
5.661,-0.800,1
6.783,0.442,1
7.532,0.904,1
7.684,1.062,1
6.616,0.011,1
6.836,1.470,1
6.214,0.902,1
7.137,0.981,1
7.436,0.387,1
5.714,2.311,1
7.082,1.820,1
5.887,-1.619,1
5.265,-1.507,1
8.048,0.221,1
5.474,-0.908,1
6.246,0.682,1
5.669,1.404,1
6.015,0.089,1
8.103,2.327,1
4.471,-1.341,1
6.937,0.541,1
3.425,-2.065,1
3.514,-3.330,1
9.745,2.293,1
6.716,1.256,1
5.407,0.661,1
4.634,0.379,1
5.978,0.235,1
6.483,-0.999,1
7.622,-0.076,1
5.985,1.954,1
6.960,1.301,1
5.307,0.057,1
5.846,-0.942,1
3.281,-0.433,1
4.537,-0.994,1
5.171,-0.085,1
7.225,-1.053,1
6.745,-0.724,1
7.688,-0.611,1
8.689,1.639,1
3.990,-1.936,1
6.427,-1.525,1
5.091,0.325,1
7.098,1.256,1
7.386,0.823,1
6.021,0.958,1
4.446,-1.960,1
1.158,-3.928,1
6.481,0.701,1
3.768,-0.058,1
6.442,1.353,1
6.982,-1.284,1
11.104,2.279,1
6.992,-0.703,1
8.245,0.844,1
6.120,-0.174,1
5.210,3.645,2
3.337,3.255,2
3.360,1.001,2
2.727,4.181,2
2.752,3.411,2
3.355,4.187,2
4.499,5.263,2
4.491,3.102,2
1.330,6.300,2
4.522,3.757,2
2.019,5.442,2
5.217,4.790,2
3.261,3.503,2
1.507,3.869,2
3.827,3.379,2
3.476,3.972,2
2.564,4.616,2
2.331,3.845,2
1.556,4.366,2
2.986,3.125,2
4.111,3.906,2
3.741,2.848,2
3.108,4.250,2
3.599,3.051,2
2.481,2.990,2
2.626,4.463,2
2.875,5.347,2
5.131,4.010,2
1.993,4.699,2
1.772,3.972,2
2.393,2.910,2
0.931,4.093,2
5.455,4.557,2
3.802,4.051,2
2.786,4.775,2
2.769,2.315,2
4.119,2.922,2
1.934,2.842,2
3.844,4.851,2
1.347,5.680,2
0.871,4.269,2
3.247,3.942,2
1.758,3.657,2
4.010,2.918,2
2.779,1.625,2
3.589,4.801,2
5.662,2.901,2
5.190,3.028,2
1.872,4.449,2
2.958,3.427,2
3.704,4.196,2
3.010,4.259,2
3.322,2.116,2
2.355,5.076,2
4.951,3.708,2
2.460,4.710,2
2.475,1.313,2
2.139,3.923,2
3.682,4.177,2
0.976,2.072,2
0.951,2.731,2
5.453,5.451,2
5.818,3.227,2
1.268,4.206,2
2.250,5.294,2
3.107,4.263,2
6.462,4.134,2
4.765,3.660,2
2.058,4.473,2
3.568,3.485,2
3.401,5.417,2
-0.486,0.789,2
5.337,4.086,2
-1.416,4.907,2
2.194,3.414,2
1.766,5.736,2
3.830,4.749,2
4.272,1.659,2
3.549,3.173,2
6.647,2.842,2
2.798,3.879,2
1.184,4.199,2
3.623,4.424,2
1.758,4.585,2
4.926,4.593,2
0.066,4.300,2
2.314,4.553,2
2.783,1.992,2
3.275,4.125,2
5.006,3.102,2
2.415,5.108,2
1.934,5.104,2
3.018,2.148,2
1.248,3.998,2
4.640,4.679,2
4.889,4.193,2
5.112,4.089,2
5.118,4.523,2
2.769,3.580,2
1.740,4.021,2
