0.452,1.001,0
0.284,0.266,0
1.465,-0.244,0
1.152,0.694,0
-0.062,0.208,0
2.714,0.893,0
1.220,0.822,0
0.940,0.527,0
0.806,-0.470,0
-1.131,-0.369,0
1.028,-1.800,0
-0.803,-0.821,0
-0.084,1.203,0
1.366,1.672,0
0.642,1.733,0
-1.662,-0.753,0
-0.206,1.008,0
0.779,-0.744,0
-1.090,-0.112,0
1.016,-1.250,0
-1.244,0.434,0
-0.579,-0.047,0
-0.814,1.836,0
0.401,-1.491,0
-0.471,1.145,0
0.719,0.291,0
0.416,-0.849,0
2.657,-2.162,0
-1.314,-0.154,0
-1.654,-0.408,0
-0.660,-1.083,0
1.103,0.480,0
-0.447,0.290,0
0.615,0.328,0
0.223,-0.970,0
0.279,-2.050,0
-1.432,-2.511,0
-0.232,0.040,0
-0.139,-1.046,0
-1.779,-1.106,0
-0.715,0.123,0
-0.460,-0.072,0
-0.056,0.444,0
0.122,-0.634,0
-0.194,1.120,0
1.698,-0.574,0
1.104,-1.554,0
0.393,0.717,0
0.365,0.086,0
0.558,-0.386,0
-0.217,2.913,0
-1.055,0.069,0
-1.486,-2.095,0
-0.859,-1.991,0
0.193,0.578,0
0.431,0.538,0
-0.225,-0.469,0
1.467,-1.453,0
-0.166,-1.251,0
0.187,1.512,0
0.984,-0.830,0
-1.468,-1.705,0
0.080,1.121,0
-0.151,0.631,0
1.506,0.373,0
0.738,-0.177,0
1.910,-0.134,0
-0.408,1.858,0
-0.738,0.522,0
-0.768,0.355,0
-0.589,-0.763,0
-2.301,-0.977,0
-0.393,0.145,0
-0.128,-1.030,0
0.827,1.755,0
-1.840,1.092,0
0.075,0.163,0
-0.162,0.335,0
0.618,0.164,0
-0.404,-1.701,0
1.285,-1.156,0
1.964,1.783,0
1.848,1.268,0
-0.708,0.414,0
0.743,0.060,0
-0.580,0.388,0
-1.021,-0.014,0
-0.794,0.751,0
-0.425,1.057,0
0.350,0.041,0
0.944,0.296,0
-1.205,0.073,0
0.543,0.808,0
0.916,0.991,0
0.262,0.157,0
-1.593,1.366,0
-1.450,-1.797,0
-0.539,0.731,0
-1.310,-1.438,0
-0.514,-0.333,0
6.768,0.135,1
3.431,-1.975,1
8.434,-0.213,1
7.646,1.793,1
6.746,0.070,1
6.378,-1.478,1
8.000,2.192,1
4.793,-3.368,1
6.509,2.267,1
6.097,-0.089,1
4.444,-1.942,1
9.326,2.414,1
7.156,-0.555,1
9.269,0.652,1
7.101,3.061,1
5.868,0.518,1
8.565,2.970,1
4.735,1.423,1
7.766,0.687,1
2.480,-2.199,1
3.693,-2.062,1
6.239,-0.803,1
8.112,-0.955,1
5.636,0.663,1
5.130,0.404,1
4.863,-0.570,1
4.982,-0.938,1
5.493,-0.043,1
7.502,0.394,1
4.269,-1.160,1
6.131,-0.814,1
5.555,0.190,1
7.879,0.354,1
7.522,0.694,1
5.559,0.932,1
4.000,-3.042,1
7.454,1.644,1
4.874,-0.678,1
4.866,-0.565,1
4.417,-1.536,1
6.480,0.436,1
3.653,-0.883,1
4.699,-0.456,1
4.751,-0.698,1
6.271,-0.053,1
6.300,0.149,1
5.975,0.987,1
6.030,0.043,1
5.609,2.745,1
5.494,0.902,1
8.437,3.092,1
3.752,-0.794,1
6.170,-2.238,1
7.984,2.311,1
6.460,3.015,1
4.825,-1.986,1
6.227,0.370,1
6.838,2.787,1
5.959,0.398,1
7.068,-0.450,1
4.663,0.256,1
7.024,1.728,1
4.036,-2.853,1
4.215,-2.206,1
7.904,0.872,1
4.477,-1.541,1
4.525,-2.501,1
6.301,0.460,1
8.071,2.963,1
3.993,-1.111,1
4.094,-1.141,1
7.441,-1.050,1
7.917,-0.510,1
4.404,0.660,1
4.379,-3.153,1
8.529,1.734,1
3.723,-2.279,1
8.100,-0.335,1
6.251,1.879,1
7.794,2.522,1
3.004,0.015,1
6.304,1.188,1
9.207,1.235,1
4.170,-0.323,1
8.440,1.795,1
4.347,-1.456,1
2.622,-2.094,1
9.486,2.978,1
4.254,1.358,1
5.079,-1.398,1
8.367,2.188,1
3.873,-1.400,1
4.933,-1.422,1
6.588,0.221,1
6.236,2.221,1
6.700,1.819,1
5.907,-2.159,1
5.239,-3.943,1
5.381,-1.722,1
6.743,-0.141,1
2.114,3.118,2
5.653,5.388,2
1.601,2.223,2
2.899,5.205,2
2.773,5.329,2
5.992,2.665,2
2.946,1.519,2
4.700,2.729,2
4.026,3.540,2
3.993,1.744,2
6.127,3.952,2
2.355,3.365,2
4.730,3.490,2
4.603,1.640,2
2.746,4.376,2
2.236,5.485,2
1.903,2.999,2
4.517,4.242,2
1.786,3.471,2
2.552,2.863,2
3.641,5.233,2
0.177,2.229,2
3.852,4.258,2
4.242,3.947,2
2.923,3.574,2
1.111,5.680,2
4.562,4.577,2
2.113,2.617,2
1.511,4.231,2
2.285,4.332,2
3.950,4.207,2
3.593,3.964,2
2.160,2.744,2
3.917,2.936,2
3.311,4.825,2
6.450,3.623,2
3.917,4.123,2
3.182,3.453,2
2.631,4.689,2
2.146,4.497,2
1.909,5.375,2
5.978,4.067,2
3.086,3.525,2
4.568,1.684,2
3.766,3.724,2
2.052,3.430,2
3.166,5.102,2
2.686,4.178,2
1.507,5.616,2
4.234,2.882,2
0.121,4.831,2
5.251,3.780,2
1.125,4.666,2
3.910,6.513,2
5.760,5.763,2
4.214,3.349,2
4.041,3.899,2
2.691,4.835,2
3.459,2.923,2
4.545,3.595,2
4.666,4.798,2
2.952,3.742,2
0.632,3.389,2
0.825,2.481,2
3.283,3.179,2
2.544,3.177,2
4.609,4.449,2
2.217,4.900,2
2.511,3.727,2
2.032,4.580,2
3.023,3.850,2
3.142,3.633,2
3.258,5.118,2
3.372,4.236,2
0.924,2.311,2
5.016,3.554,2
2.472,3.917,2
3.664,4.021,2
0.601,6.413,2
2.213,4.296,2
2.669,3.901,2
2.497,3.887,2
2.574,3.566,2
3.178,5.830,2
1.265,4.085,2
1.638,3.639,2
5.325,4.783,2
3.482,4.665,2
3.418,3.666,2
-0.150,3.958,2
4.886,2.414,2
4.569,4.563,2
4.511,4.674,2
1.895,3.220,2
0.670,4.973,2
4.589,4.289,2
1.715,4.962,2
4.305,4.656,2
3.607,4.984,2
3.559,2.685,2
